1 0.62 0.382222 0.02125 0.04
1 0.611562 0.375 0.031875 0.0477778
0 0.707812 0.325 0.033125 0.0788889
0 0.443125 0.432778 0.025 0.0744444
0 0.661875 0.495 0.0325 0.0877778
1 0.50375 0.265556 0.035 0.0488889
1 0.198125 0.538889 0.03375 0.0822222
1 0.71375 0.26 0.0325 0.0488889
1 0.7975 0.46 0.035 0.0688889
1 0.392812 0.265 0.036875 0.0588889
0 0.610313 0.324444 0.056875 0.0444444
0 0.3925 0.331667 0.0575 0.0544444
0 0.760625 0.443889 0.02875 0.0922222
1 0.405 0.447778 0.03875 0.0644444
1 0.623438 0.514444 0.034375 0.0711111
0 0.507187 0.326667 0.071875 0.0533333
0 0.275937 0.519444 0.084375 0.161111
