0 0.460185 0.365432 0.0574074 0.037037
0 0.916204 0.233951 0.012037 0.0111111
0 0.896759 0.645679 0.012037 0.0123457
0 0.114352 0.475309 0.0305556 0.0271605
1 0.213426 0.291975 0.0194444 0.0432099
1 0.329167 0.300617 0.0212963 0.0382716
1 0.265741 0.491358 0.0185185 0.0345679
0 0.521759 0.238272 0.0231481 0.0518519
1 0.334259 0.385802 0.0203704 0.0358025
1 0.212037 0.443827 0.0203704 0.0308642
0 0.557407 0.487037 0.0555556 0.0432099
1 0.644444 0.575309 0.0740741 0.0345679
1 0.920833 0.212963 0.0342593 0.0283951
0 0.668519 0.493827 0.0555556 0.037037
1 0.55787 0.241358 0.0490741 0.0358025
0 0.636111 0.301235 0.0555556 0.0790123
1 0.210648 0.402469 0.0231481 0.0320988
1 0.461574 0.364198 0.0583333 0.0320988
0 0.593056 0.572222 0.0287037 0.0506173
1 0.686574 0.298765 0.0861111 0.0469136
1 0.0689815 0.32963 0.0583333 0.037037
1 0.894444 0.621605 0.0351852 0.0259259
0 0.454167 0.396914 0.0564815 0.0333333
0 0.115278 0.341975 0.0305556 0.0716049
0 0.272685 0.394444 0.165741 0.267901
